.instr
00000000 00011000 
00000000 00010111 
00000000 10001000 
00000000 10000111 
00000000 10011000 
00000000 10010111 
10011000 10000000 
10000010 01101111 
00000001 10011000 
00000000 10010111 
10011000 10000000 
10000010 01111111 
00110010 10001000 
00000000 10000111 
00000010 10011000 
00000000 10010111 
10010010 00011011 
10010000 00001001 
00001000 10101111 
00110010 10001000 
00000000 10000111 
00000010 10011000 
00000000 10010111 
10010010 00011001 
10010000 00001001 
00001000 10101111 
00000011 10001000 
00000000 10000111 
00010000 10010000 
11111111 11111111 
00000010 10001000 
00000000 10000111 
00000000 10011000 
00000000 10010111 
10011000 10000000 
10001001 01111111 
10011001 01011111 
00000111 10001000 
00000000 10000111 
11111111 11111111 
00000001 10001000 
00000000 10000111 
10000001 00010000 
00001100 10001000 
00000000 10000111 
00001000 10101111 
00000000 00000000 
00000000 00000000 
00000000 00000000 
00000000 00000000 
00000000 00000000 
.data
00000000 
00001010 
00001010 